#(id,length,speed,channel,from,to,isDuplex)
(5000, 24, 12, 2, 1, 2, 1)
(5001, 24, 10, 1, 2, 3, 1)
(5002, 36, 10, 2, 3, 4, 1)
(5003, 30, 10, 1, 4, 5, 1)
(5004, 24, 15, 3, 5, 6, 1)
(5005, 36, 15, 1, 6, 7, 1)
(5006, 20, 15, 3, 7, 8, 1)
(5007, 20, 10, 4, 8, 9, 1)
(5008, 30, 10, 2, 9, 10, 1)
(5009, 36, 12, 1, 1, 11, 1)
(5010, 24, 10, 3, 2, 12, 1)
(5011, 24, 15, 1, 3, 13, 1)
(5012, 40, 15, 1, 4, 14, 1)
(5013, 24, 10, 1, 5, 15, 1)
(5014, 40, 10, 1, 6, 16, 1)
(5015, 24, 15, 3, 7, 17, 1)
(5016, 30, 15, 4, 8, 18, 1)
(5017, 30, 15, 1, 9, 19, 1)
(5018, 24, 10, 4, 10, 20, 1)
(5019, 30, 12, 4, 11, 12, 1)
(5020, 30, 15, 4, 12, 13, 1)
(5021, 36, 12, 3, 13, 14, 0)
(5022, 24, 12, 4, 14, 15, 1)
(5023, 40, 15, 2, 15, 16, 1)
(5024, 20, 15, 2, 16, 17, 1)
(5025, 20, 10, 4, 17, 18, 1)
(5026, 30, 10, 3, 18, 19, 1)
(5027, 30, 15, 4, 19, 20, 1)
(5028, 30, 15, 1, 11, 21, 1)
(5029, 30, 12, 4, 12, 22, 1)
(5030, 40, 15, 1, 14, 24, 1)
(5031, 36, 12, 3, 15, 25, 0)
(5032, 30, 15, 4, 16, 26, 1)
(5033, 40, 15, 2, 17, 27, 1)
(5034, 40, 10, 2, 18, 28, 1)
(5035, 40, 15, 3, 19, 29, 1)
(5036, 40, 12, 4, 20, 30, 1)
(5037, 30, 12, 3, 21, 22, 1)
(5038, 24, 15, 2, 23, 24, 1)
(5039, 30, 15, 4, 24, 25, 1)
(5040, 40, 10, 1, 25, 26, 1)
(5041, 30, 12, 1, 27, 28, 1)
(5042, 30, 10, 2, 29, 30, 1)
(5043, 24, 10, 3, 21, 31, 1)
(5044, 24, 10, 2, 22, 32, 0)
(5045, 20, 10, 3, 23, 33, 1)
(5046, 36, 10, 1, 24, 34, 1)
(5047, 20, 15, 1, 26, 36, 1)
(5048, 30, 15, 1, 28, 38, 1)
(5049, 20, 12, 1, 30, 40, 1)
(5050, 40, 12, 3, 31, 32, 1)
(5051, 24, 10, 2, 32, 33, 1)
(5052, 20, 15, 1, 33, 34, 0)
(5053, 30, 10, 4, 34, 35, 1)
(5054, 30, 15, 1, 35, 36, 1)
(5055, 24, 12, 4, 36, 37, 1)
(5056, 40, 15, 3, 37, 38, 1)
(5057, 36, 12, 3, 38, 39, 1)
(5058, 30, 12, 1, 39, 40, 1)
(5059, 36, 10, 2, 31, 41, 1)
(5060, 40, 15, 4, 32, 42, 1)
(5061, 36, 12, 3, 33, 43, 1)
(5062, 20, 15, 2, 34, 44, 1)
(5063, 30, 12, 2, 35, 45, 1)
(5064, 24, 10, 3, 36, 46, 0)
(5065, 36, 12, 2, 37, 47, 1)
(5066, 36, 15, 1, 39, 49, 1)
(5067, 36, 15, 4, 40, 50, 1)
(5068, 30, 15, 4, 41, 42, 1)
(5069, 40, 12, 2, 42, 43, 1)
(5070, 24, 12, 2, 44, 45, 1)
(5071, 20, 12, 1, 45, 46, 1)
(5072, 36, 12, 2, 46, 47, 1)
(5073, 36, 10, 2, 47, 48, 1)
(5074, 40, 12, 1, 48, 49, 1)
(5075, 24, 12, 4, 49, 50, 1)
(5076, 30, 12, 2, 41, 51, 1)
(5077, 40, 10, 3, 42, 52, 1)
(5078, 24, 12, 1, 44, 54, 1)
(5079, 40, 12, 1, 45, 55, 1)
(5080, 36, 15, 3, 46, 56, 1)
(5081, 24, 10, 3, 47, 57, 1)
(5082, 24, 15, 3, 48, 58, 1)
(5083, 30, 10, 1, 49, 59, 1)
(5084, 40, 12, 2, 50, 60, 1)
(5085, 36, 15, 2, 51, 52, 1)
(5086, 36, 10, 1, 52, 53, 1)
(5087, 20, 10, 1, 53, 54, 1)
(5088, 36, 12, 2, 54, 55, 1)
(5089, 36, 10, 2, 55, 56, 0)
(5090, 40, 10, 3, 56, 57, 1)
(5091, 24, 12, 1, 57, 58, 1)
(5092, 30, 12, 1, 58, 59, 0)
(5093, 40, 12, 4, 59, 60, 1)
(5094, 40, 15, 1, 51, 61, 1)
(5095, 24, 12, 4, 52, 62, 1)
(5096, 24, 12, 4, 53, 63, 1)
(5097, 40, 12, 1, 54, 64, 0)
(5098, 20, 15, 4, 55, 65, 1)
(5099, 20, 10, 4, 56, 66, 1)
(5100, 20, 10, 1, 58, 68, 1)
(5101, 36, 10, 2, 60, 70, 1)
(5102, 40, 10, 4, 61, 62, 1)
(5103, 40, 12, 3, 62, 63, 0)
(5104, 30, 15, 4, 63, 64, 1)
(5105, 24, 12, 1, 64, 65, 1)
(5106, 20, 15, 1, 66, 67, 1)
(5107, 20, 12, 2, 67, 68, 1)
(5108, 30, 10, 3, 68, 69, 1)
(5109, 24, 12, 1, 69, 70, 1)
(5110, 40, 15, 2, 61, 71, 1)
(5111, 20, 15, 4, 62, 72, 1)
(5112, 40, 10, 4, 63, 73, 1)
(5113, 36, 15, 4, 64, 74, 1)
(5114, 36, 15, 4, 65, 75, 1)
(5115, 20, 15, 1, 66, 76, 1)
(5116, 20, 12, 1, 67, 77, 1)
(5117, 30, 12, 2, 68, 78, 1)
(5118, 40, 10, 3, 69, 79, 1)
(5119, 30, 10, 2, 70, 80, 1)
(5120, 36, 15, 1, 71, 72, 1)
(5121, 24, 10, 2, 72, 73, 1)
(5122, 20, 15, 1, 73, 74, 1)
(5123, 24, 15, 1, 74, 75, 1)
(5124, 36, 10, 4, 75, 76, 1)
(5125, 20, 12, 4, 76, 77, 1)
(5126, 30, 12, 3, 77, 78, 1)
(5127, 20, 15, 4, 78, 79, 0)
(5128, 20, 10, 3, 79, 80, 1)
(5129, 30, 10, 1, 71, 81, 1)
(5130, 20, 10, 1, 73, 83, 1)
(5131, 40, 15, 4, 74, 84, 0)
(5132, 40, 15, 1, 75, 85, 1)
(5133, 24, 12, 4, 76, 86, 1)
(5134, 40, 15, 4, 78, 88, 1)
(5135, 40, 10, 2, 80, 90, 1)
(5136, 36, 10, 2, 81, 82, 1)
(5137, 40, 10, 4, 82, 83, 0)
(5138, 36, 10, 2, 83, 84, 1)
(5139, 40, 15, 3, 84, 85, 1)
(5140, 30, 10, 1, 86, 87, 1)
(5141, 30, 12, 2, 87, 88, 0)
(5142, 40, 10, 3, 88, 89, 1)
(5143, 20, 15, 1, 89, 90, 1)
(5144, 24, 15, 1, 81, 91, 1)
(5145, 20, 10, 4, 82, 92, 1)
(5146, 24, 10, 2, 83, 93, 1)
(5147, 36, 12, 2, 84, 94, 1)
(5148, 40, 10, 3, 85, 95, 1)
(5149, 24, 12, 4, 87, 97, 1)
(5150, 40, 10, 1, 88, 98, 1)
(5151, 40, 12, 3, 89, 99, 1)
(5152, 30, 15, 4, 90, 100, 1)
(5153, 20, 10, 2, 91, 92, 1)
(5154, 40, 12, 2, 92, 93, 1)
(5155, 24, 10, 3, 93, 94, 1)
(5156, 36, 10, 1, 94, 95, 1)
(5157, 40, 12, 3, 95, 96, 1)
(5158, 20, 12, 2, 96, 97, 1)
(5159, 20, 15, 3, 97, 98, 1)
(5160, 30, 12, 4, 98, 99, 1)
(5161, 24, 15, 1, 99, 100, 1)