#(id,length,speed,channel,from,to,isDuplex)
(5000, 20, 10, 3, 1, 2, 1)
(5001, 30, 15, 4, 2, 3, 1)
(5002, 24, 15, 4, 3, 4, 1)
(5003, 24, 15, 4, 4, 5, 1)
(5004, 30, 10, 2, 5, 6, 1)
(5005, 36, 12, 3, 6, 7, 1)
(5006, 24, 15, 2, 7, 8, 1)
(5007, 20, 15, 3, 8, 9, 1)
(5008, 24, 15, 2, 9, 10, 1)
(5009, 30, 10, 3, 1, 11, 1)
(5010, 36, 12, 2, 2, 12, 1)
(5011, 30, 15, 2, 3, 13, 1)
(5012, 40, 15, 3, 4, 14, 1)
(5013, 40, 12, 2, 5, 15, 1)
(5014, 40, 10, 3, 6, 16, 1)
(5015, 40, 10, 3, 7, 17, 1)
(5016, 20, 10, 2, 8, 18, 1)
(5017, 30, 12, 3, 9, 19, 1)
(5018, 36, 15, 1, 10, 20, 1)
(5019, 40, 15, 4, 11, 12, 1)
(5020, 24, 15, 2, 12, 13, 1)
(5021, 20, 15, 2, 13, 14, 0)
(5022, 36, 15, 1, 14, 15, 1)
(5023, 30, 10, 1, 15, 16, 1)
(5024, 24, 10, 3, 16, 17, 1)
(5025, 20, 10, 2, 17, 18, 1)
(5026, 30, 15, 3, 18, 19, 1)
(5027, 20, 15, 3, 19, 20, 1)
(5028, 20, 12, 3, 11, 21, 1)
(5029, 24, 15, 1, 12, 22, 1)
(5030, 24, 10, 4, 14, 24, 1)
(5031, 30, 10, 2, 15, 25, 0)
(5032, 40, 10, 1, 16, 26, 1)
(5033, 20, 10, 2, 17, 27, 1)
(5034, 40, 15, 3, 18, 28, 1)
(5035, 36, 10, 4, 19, 29, 1)
(5036, 30, 15, 2, 20, 30, 1)
(5037, 20, 15, 4, 21, 22, 1)
(5038, 30, 15, 1, 23, 24, 1)
(5039, 20, 15, 1, 24, 25, 1)
(5040, 40, 10, 2, 25, 26, 1)
(5041, 20, 10, 4, 27, 28, 1)
(5042, 30, 15, 1, 29, 30, 1)
(5043, 24, 10, 2, 21, 31, 1)
(5044, 24, 10, 1, 22, 32, 0)
(5045, 30, 10, 3, 23, 33, 1)
(5046, 20, 15, 4, 24, 34, 1)
(5047, 24, 15, 4, 26, 36, 1)
(5048, 30, 15, 1, 28, 38, 1)
(5049, 20, 15, 4, 30, 40, 1)
(5050, 24, 12, 1, 31, 32, 1)
(5051, 40, 12, 3, 32, 33, 1)
(5052, 20, 10, 4, 33, 34, 0)
(5053, 30, 10, 3, 34, 35, 1)
(5054, 20, 10, 2, 35, 36, 1)
(5055, 30, 15, 1, 36, 37, 1)
(5056, 36, 10, 1, 37, 38, 1)
(5057, 20, 10, 2, 38, 39, 1)
(5058, 36, 12, 4, 39, 40, 1)
(5059, 36, 10, 1, 31, 41, 1)
(5060, 24, 15, 2, 32, 42, 1)
(5061, 20, 15, 3, 33, 43, 1)
(5062, 40, 12, 2, 34, 44, 1)
(5063, 20, 12, 3, 35, 45, 1)
(5064, 40, 12, 3, 36, 46, 0)
(5065, 40, 15, 2, 37, 47, 1)
(5066, 24, 15, 2, 39, 49, 1)
(5067, 30, 15, 1, 40, 50, 1)
(5068, 20, 12, 1, 41, 42, 1)
(5069, 36, 10, 1, 42, 43, 1)
(5070, 36, 15, 4, 44, 45, 1)
(5071, 40, 12, 4, 45, 46, 1)
(5072, 40, 10, 4, 46, 47, 1)
(5073, 36, 15, 2, 47, 48, 1)
(5074, 36, 12, 4, 48, 49, 1)
(5075, 40, 10, 2, 49, 50, 1)
(5076, 24, 15, 2, 41, 51, 1)
(5077, 24, 15, 2, 42, 52, 1)
(5078, 36, 12, 2, 44, 54, 1)
(5079, 24, 10, 3, 45, 55, 1)
(5080, 20, 15, 3, 46, 56, 1)
(5081, 40, 12, 4, 47, 57, 1)
(5082, 24, 10, 3, 48, 58, 1)
(5083, 20, 10, 4, 49, 59, 1)
(5084, 20, 15, 2, 50, 60, 1)
(5085, 20, 12, 3, 51, 52, 1)
(5086, 24, 10, 2, 52, 53, 1)
(5087, 36, 12, 3, 53, 54, 1)
(5088, 30, 12, 2, 54, 55, 1)
(5089, 20, 10, 1, 55, 56, 0)
(5090, 40, 12, 3, 56, 57, 1)
(5091, 30, 10, 2, 57, 58, 1)
(5092, 24, 12, 1, 58, 59, 0)
(5093, 20, 12, 1, 59, 60, 1)
(5094, 40, 10, 4, 51, 61, 1)
(5095, 30, 12, 2, 52, 62, 1)
(5096, 40, 10, 4, 53, 63, 1)
(5097, 20, 10, 1, 54, 64, 0)
(5098, 40, 15, 1, 55, 65, 1)
(5099, 20, 12, 3, 56, 66, 1)
(5100, 30, 12, 1, 58, 68, 1)
(5101, 20, 12, 1, 60, 70, 1)
(5102, 24, 10, 1, 61, 62, 1)
(5103, 40, 15, 2, 62, 63, 0)
(5104, 30, 15, 3, 63, 64, 1)
(5105, 30, 12, 4, 64, 65, 1)
(5106, 24, 15, 1, 66, 67, 1)
(5107, 20, 10, 3, 67, 68, 1)
(5108, 30, 15, 2, 68, 69, 1)
(5109, 30, 10, 3, 69, 70, 1)
(5110, 20, 15, 2, 61, 71, 1)
(5111, 36, 15, 4, 62, 72, 1)
(5112, 40, 15, 1, 63, 73, 1)
(5113, 24, 10, 2, 64, 74, 1)
(5114, 20, 12, 3, 65, 75, 1)
(5115, 40, 15, 2, 66, 76, 1)
(5116, 30, 12, 1, 67, 77, 1)
(5117, 40, 12, 4, 68, 78, 1)
(5118, 40, 15, 3, 69, 79, 1)
(5119, 24, 12, 4, 70, 80, 1)
(5120, 24, 15, 1, 71, 72, 1)
(5121, 20, 10, 3, 72, 73, 1)
(5122, 30, 12, 1, 73, 74, 1)
(5123, 36, 10, 1, 74, 75, 1)
(5124, 20, 12, 2, 75, 76, 1)
(5125, 30, 15, 4, 76, 77, 1)
(5126, 20, 15, 3, 77, 78, 1)
(5127, 36, 15, 4, 78, 79, 0)
(5128, 30, 10, 4, 79, 80, 1)
(5129, 36, 10, 2, 71, 81, 1)
(5130, 30, 10, 4, 73, 83, 1)
(5131, 24, 12, 1, 74, 84, 0)
(5132, 30, 10, 2, 75, 85, 1)
(5133, 24, 12, 2, 76, 86, 1)
(5134, 40, 10, 2, 78, 88, 1)
(5135, 30, 15, 1, 80, 90, 1)
(5136, 40, 10, 2, 81, 82, 1)
(5137, 40, 15, 1, 82, 83, 0)
(5138, 36, 10, 3, 83, 84, 1)
(5139, 40, 10, 2, 84, 85, 1)
(5140, 40, 10, 3, 86, 87, 1)
(5141, 24, 15, 3, 87, 88, 0)
(5142, 40, 15, 3, 88, 89, 1)
(5143, 20, 10, 2, 89, 90, 1)
(5144, 24, 15, 2, 81, 91, 1)
(5145, 30, 12, 2, 82, 92, 1)
(5146, 30, 10, 1, 83, 93, 1)
(5147, 30, 10, 2, 84, 94, 1)
(5148, 20, 12, 1, 85, 95, 1)
(5149, 36, 12, 3, 87, 97, 1)
(5150, 20, 15, 2, 88, 98, 1)
(5151, 40, 10, 2, 89, 99, 1)
(5152, 30, 15, 1, 90, 100, 1)
(5153, 20, 15, 1, 91, 92, 1)
(5154, 24, 10, 4, 92, 93, 1)
(5155, 30, 15, 2, 93, 94, 1)
(5156, 20, 10, 2, 94, 95, 1)
(5157, 30, 10, 2, 95, 96, 1)
(5158, 30, 15, 3, 96, 97, 1)
(5159, 40, 15, 1, 97, 98, 1)
(5160, 24, 10, 2, 98, 99, 1)
(5161, 20, 10, 1, 99, 100, 1)