#(id,roadId,roadId,roadId,roadId)
(7, -1, 6191, 5194, -1)
(25, 5412, 5557, 5666, -1)
(28, -1, 5205, 5684, 6488)
(33, 6806, 5289, 6022, 6532)
(43, 5557, 5882, 5928, 6897)
(49, 6296, 6011, -1, 5590)
(92, 6944, 6276, 6376, 5205)
(96, 6426, 5270, 6296, 6358)
(100, 5204, -1, 5828, 5741)
(105, 6358, 5449, 5718, 5213)
(136, 5704, -1, 5164, 5360)
(153, 5220, 6201, -1, 5344)
(173, 6183, 5344, -1, 5292)
(174, 6534, 5287, -1, 6930)
(175, -1, 5564, 5963, -1)
(181, 5218, -1, 5340, 6259)
(182, 5612, 5293, 6149, -1)
(196, 6746, 6120, -1, 6056)
(205, 5647, 6371, 6539, 6272)
(224, 5349, 5603, 5358, 5669)
(229, 6527, 5982, 5654, 5036)
(234, 5700, 5319, 5730, 5453)
(244, -1, 6787, 6573, 5169)
(251, 5683, 5649, -1, 5953)
(260, 6940, 6797, 6183, 5630)
(294, 6814, -1, 5726, 6040)
(302, 6690, 5375, 6498, 5911)
(315, 5163, 6335, 5699, -1)
(327, 6103, 5730, 6701, 6639)
(330, 6357, -1, 5938, 6649)
(337, 6009, -1, 6984, 5694)
(339, 6016, 5741, 6701, 5691)
(363, 5409, 5544, -1, 6014)
(384, 5828, -1, 5371, 6639)
(391, 5928, 5712, 5976, 5173)
(404, 5015, 5762, -1, 5624)
(416, 5173, 5694, 5754, 5377)
(449, 6090, 6771, 5182, 5870)
(451, 6160, 5943, 5473, 5182)
(463, 5449, 5590, -1, 5762)
(472, 5018, 6254, 5560, 5354)
(482, 5892, 6816, 5091, -1)
(491, 6984, -1, 6662, 6661)
(500, 6732, 6539, 5860, 6814)
(505, 6394, 5337, -1, 5257)
(517, 6340, 6160, 6199, 6485)
(534, 6543, -1, 6238, 5412)
(535, -1, 6260, 6943, 6802)
(540, 5320, 5146, -1, 6878)
(588, 5680, 6888, 6426, 5417)
(594, 6806, 6878, 6853, 5287)
(599, 5031, 5018, -1, 6557)
(607, 6272, 5228, 5084, 6274)
(618, 6120, 6975, 6753, 6941)
(658, -1, 6587, 5725, 5258)
(665, 6947, 5239, 5859, 6391)
(678, 6488, 5276, 5030, -1)
(689, 5666, 5825, 5996, 5074)
(698, 5691, 5319, 6000, 5892)
(713, 6649, 6482, 6371, 5508)
(718, 5704, 6792, 6571, -1)
(759, 5699, 5669, 6225, -1)
(771, -1, 6125, 6103, 5059)
(788, 6640, 5935, 5911, 5857)
(796, 6254, 6641, -1, 5239)
(801, -1, 6927, 6182, 5933)
(810, 5213, -1, 6498, 5417)
(811, -1, -1, 6056, 6521)
(819, 5533, 6941, 5683, 6255)
(839, 6274, -1, -1, 5745)
(840, 5649, 6753, 5511, -1)
(852, 6797, 6199, 6771, 5220)
(859, -1, 5933, 6416, 6709)
(869, 5647, 5745, 6787, 6582)
(870, 5522, 6481, 5152, 6047)
(932, 6217, -1, 5533, 5594)
(942, -1, 5710, 6284, 5618)
(954, -1, 5511, 6124, 6410)
(983, 6557, 6471, 5030, 5077)
(996, -1, 6543, 6244, 6927)
(1002, 5228, 6732, 5950, 5817)
(1003, 5218, 5091, 5859, 6072)
(1023, 6011, 5778, -1, -1)
(1043, 5276, -1, 5871, 5227)
(1054, 6217, -1, 5726, 6521)
(1070, 5714, -1, 5592, 6888)
(1076, 5560, 6947, 6149, 5256)
(1077, 6340, 6187, 6670, -1)
(1121, 5349, 6335, 6284, 6313)
(1140, 6433, 6297, 6244, -1)
(1157, 5024, 6527, 6587, -1)
(1177, 6051, 6416, -1, 5331)
(1186, 6940, 5963, 6611, 6485)
(1197, 6394, 6987, 6581, 5700)
(1214, 6259, 6971, 6016, -1)
(1217, 6662, 6471, 6357, 5875)
(1227, 5473, 5857, -1, 5215)
(1229, 6933, 5882, 6238, -1)
(1230, 5871, 5706, 5177, 5579)
(1260, 5194, 5738, 5024, -1)
(1269, 6022, -1, 6182, 6297)
(1273, 6176, 6811, 5953, -1)
(1289, 5367, 6260, -1, 5761)
(1293, 5227, 5189, 5179, 5077)
(1295, 6072, -1, 6727, 5710)
(1299, 6329, 5725, 5036, 6930)
(1314, 5913, 5358, 5177, -1)
(1315, 5976, 6949, 6944, 6009)
(1318, 6329, -1, 5630, 6785)
(1319, 5371, -1, -1, 5059)
(1331, 5432, 5360, -1, 6697)
(1334, 5270, 5592, -1, 5778)
(1338, 6690, 6600, 5988, 6047)
(1352, 6384, 5523, 6746, 5910)
(1366, -1, 5146, 5996, 6573)
(1433, 5657, -1, 5084, 6522)
(1439, 6987, 6511, 5130, 5196)
(1446, -1, 6709, 6162, 6191)
(1456, -1, 5409, 6600, 5935)
(1459, 5179, 5150, 6641, 5031)
(1495, 5684, 5589, 5598, -1)
(1502, 6225, 5913, 5164, -1)
(1538, 5354, 5436, 5903, 5938)
(1539, 6670, 6522, 5817, 5656)
(1541, 5461, 5073, 6000, 6581)
(1543, -1, -1, 5436, 5256)
(1545, 5508, 6582, -1, 5875)
(1547, 5950, 6040, 5544, 5329)
(1556, 6276, 5798, -1, 6802)
(1561, 6384, 5612, 5461, 5196)
(1570, -1, -1, 5293, 5910)
(1586, 6592, -1, 5204, 6971)
(1592, 5564, 6853, -1, 6678)
(1626, 6145, 5618, 5163, -1)
(1628, 5169, 5825, 6897, 5377)
(1638, 5594, 6655, 5988, 6014)
(1678, -1, 5860, 6482, 5903)
(1686, 6201, 6090, 5624, -1)
(1687, 6162, 6051, 5982, 5738)
(1689, 5407, 5712, 6933, -1)
(1697, 5289, 6534, 5654, 5331)
(1704, 6473, 5282, 5761, -1)
(1721, 6785, 5292, -1, 5258)
(1761, 5340, 6145, -1, 6592)
(1765, 5453, 6125, -1, 5337)
(1766, -1, 6410, 6511, 5257)
(1767, 6391, 6816, 5073, -1)
(1793, 5432, -1, 5282, 6792)
(1795, -1, 6332, 6640, 5943)
(1796, 6481, 6176, -1, 5159)
(1803, 5603, 5845, 5189, 5579)
(1809, 5015, 5870, 5215, 5718)
(1811, 6187, 6611, 6678, 5657)
(1816, 5627, 5367, -1, 6303)
(1831, 5656, 5329, -1, 6332)
(1833, 5152, 6519, 5680, 5375)
(1837, 6697, 5706, 5598, 6303)
(1846, 5522, 6655, 6255, 6811)
(1855, 5627, 5589, 6376, 6943)
(1876, 6519, 5159, -1, 5714)
(1937, 6313, 6727, 5150, 5845)
(1949, 6433, 5074, 5320, 6532)
(1951, -1, 5754, 6661, -1)
(1953, 5407, -1, 5798, 6949)
(1957, -1, 6571, 6473, -1)
(1991, 5523, 5130, 6124, 6975)